  658       -1.58
    1.888   14.7    0.451  353.0    0.192    7.8
    0.580   68.6    0.132   48.9    0.056   65.8
    0.340  350.3    0.073  331.6    0.032  348.1
    0.158  354.4    0.057  339.6    0.037  346.0
  659       -1.86
    1.888   14.7    0.455  353.0    0.193   10.0
    0.580   68.6    0.133   48.8    0.057   68.1
    0.340  350.3    0.074  331.6    0.032  350.4
    0.158  354.5    0.057  339.4    0.037  346.5
  660       -2.16
    1.887   14.7    0.460  353.0    0.194   12.5
    0.580   68.6    0.135   48.7    0.057   70.7
    0.340  350.3    0.075  331.5    0.032  352.9
    0.158  354.5    0.056  339.1    0.038  347.0
  661       -2.48
    1.886   14.7    0.465  352.9    0.195   15.1
    0.579   68.6    0.136   48.6    0.058   73.4
    0.340  350.2    0.075  331.4    0.032  355.6
    0.158  354.5    0.056  338.9    0.038  347.6
  662       -2.76
    1.885   14.7    0.470  352.9    0.201   17.5
    0.579   68.5    0.138   48.4    0.060   75.8
    0.340  350.2    0.076  331.3    0.033  358.1
    0.157  354.4    0.056  338.6    0.039  348.0
  663       -3.07
    1.884   14.7    0.475  352.9    0.207   20.0
    0.579   68.5    0.139   48.2    0.062   78.2
    0.340  350.2    0.077  331.2    0.035    0.6
    0.157  354.4    0.056  338.3    0.040  348.4
  664       -3.52
    1.882   14.7    0.482  353.0    0.211   22.3
    0.578   68.5    0.142   48.2    0.064   80.4
    0.339  350.2    0.078  331.3    0.036    3.0
    0.157  354.4    0.055  338.0    0.040  349.1
  665       -4.26
    1.880   14.7    0.492  353.6    0.210   24.4
    0.578   68.5    0.145   48.7    0.063   82.4
    0.339  350.1    0.080  331.9    0.036    5.3
    0.156  354.5    0.055  337.6    0.040  350.2
  666       -4.99
    1.877   14.7    0.503  354.3    0.210   26.4
    0.577   68.4    0.149   49.2    0.064   84.2
    0.339  350.1    0.082  332.5    0.036    7.4
    0.155  354.6    0.055  337.1    0.039  351.3
  667       -5.70
    1.873   14.6    0.514  355.0    0.213   28.1
    0.575   68.4    0.153   49.7    0.064   85.7
    0.338  350.1    0.084  333.2    0.036    9.2
    0.155  354.7    0.056  336.7    0.039  352.2
  668       -6.47
    1.869   14.6    0.526  355.6    0.216   29.9
    0.574   68.3    0.157   50.3    0.065   87.3
    0.337  350.1    0.086  334.0    0.037   11.1
    0.154  354.8    0.056  336.3    0.039  353.2
  669       -7.28
    1.865   14.6    0.539  356.4    0.219   31.8
    0.573   68.3    0.161   50.9    0.066   89.0
    0.337  350.0    0.088  334.7    0.038   13.1
    0.154  354.9    0.056  335.8    0.038  354.3
  670       -7.82
    1.861   14.6    0.549  356.9    0.226   33.4
    0.572   68.2    0.164   51.3    0.069   90.3
    0.336  350.0    0.090  335.2    0.039   14.6
    0.153  354.9    0.056  335.4    0.038  355.1
  671       -7.49
    1.858   14.5    0.550  356.9    0.240   34.1
    0.571   68.2    0.165   51.2    0.073   90.7
    0.336  350.0    0.090  335.2    0.041   15.0
    0.152  354.9    0.056  335.0    0.039  354.9
  672       -7.15
    1.856   14.5    0.550  357.0    0.255   34.7
    0.570   68.2    0.165   51.2    0.078   91.1
    0.335  350.0    0.090  335.2    0.044   15.5
    0.152  354.8    0.056  334.5    0.039  354.7
  673       -6.79
    1.853   14.5    0.551  357.1    0.270   35.3
    0.569   68.2    0.165   51.1    0.083   91.5
    0.335  350.0    0.090  335.1    0.046   15.8
    0.151  354.7    0.056  334.0    0.040  354.5
  674       -6.42
    1.850   14.5    0.552  357.1    0.286   35.8
    0.568   68.2    0.166   51.1    0.088   91.8
    0.334  350.0    0.090  335.1    0.049   16.2
    0.151  354.6    0.056  333.5    0.040  354.3
  675       -6.20
    1.844   14.5    0.556  357.3    0.291   37.5
    0.566   68.1    0.167   51.2    0.089   93.5
    0.333  349.9    0.091  335.2    0.050   18.0
    0.150  354.8    0.056  333.0    0.040  355.1
  676       -6.16
    1.836   14.4    0.563  357.7    0.289   39.9
    0.564   68.1    0.170   51.4    0.089   95.9
    0.332  349.9    0.092  335.6    0.050   20.6
    0.149  355.0    0.056  332.6    0.041  356.3
  677       -6.11
    1.827   14.4    0.570  358.1    0.288   42.5
    0.561   68.0    0.172   51.7    0.089   98.5
    0.330  349.8    0.094  335.9    0.050   23.3
    0.148  355.3    0.056  332.1    0.041  357.5
  678       -6.07
    1.819   14.3    0.578  358.4    0.287   45.1
    0.559   68.0    0.175   52.0    0.089  101.1
    0.329  349.7    0.095  336.2    0.050   26.1
    0.147  355.6    0.056  331.5    0.041  358.7
  679       -6.49
    1.814   14.2    0.584  359.2    0.296   45.4
    0.557   67.8    0.177   52.6    0.092  101.2
    0.328  349.6    0.096  337.0    0.052   26.3
    0.146  355.5    0.056  331.3    0.041  359.3
  680       -7.15
    1.812   14.1    0.590    0.3    0.310   44.4
    0.557   67.6    0.179   53.5    0.096  100.0
    0.328  349.4    0.097  338.0    0.054   25.1
    0.144  355.3    0.056  331.3    0.040  359.4
  681       -7.82
    1.809   13.9    0.595    1.3    0.324   43.6
    0.556   67.5    0.181   54.3    0.101   98.9
    0.327  349.3    0.098  339.0    0.057   24.0
    0.143  355.0    0.056  331.3    0.040  359.5
  682       -7.84
    1.805   13.8    0.607    2.2    0.335   42.8
    0.555   67.4    0.185   55.0    0.104   97.8
    0.327  349.2    0.099  339.9    0.058   23.1
    0.142  354.9    0.057  330.9    0.039  359.9
  683       -9.19
    1.797   13.8    0.611    3.0    0.344   42.9
    0.553   67.3    0.186   55.8    0.107   97.8
    0.325  349.1    0.100  340.8    0.060   23.1
    0.141  355.1    0.057  330.9    0.039    0.2
  684      -11.01
    1.788   13.7    0.613    3.8    0.352   43.3
    0.550   67.2    0.187   56.6    0.110   98.2
    0.324  349.1    0.100  341.6    0.062   23.5
    0.140  355.3    0.057  331.1    0.039    0.6
  685      -13.13
    1.777   13.7    0.616    4.8    0.361   43.7
    0.546   67.2    0.189   57.5    0.113   98.3
    0.322  349.0    0.101  342.6    0.063   23.8
    0.139  355.7    0.057  331.2    0.040    0.8
  686      -15.45
    1.765   13.7    0.621    5.8    0.371   43.9
    0.542   67.2    0.191   58.5    0.116   98.4
    0.320  349.0    0.102  343.6    0.065   24.0
    0.138  356.2    0.057  331.2    0.040    1.0
  687      -14.07
    1.758   13.7    0.627    6.1    0.374   44.3
    0.540   67.1    0.193   58.8    0.117   98.8
    0.319  348.9    0.103  344.0    0.065   24.4
    0.137  356.2    0.058  330.9    0.040    1.3
  688      -11.85
    1.751   13.6    0.628    6.2    0.382   44.6
    0.538   67.0    0.193   58.8    0.119   98.8
    0.318  348.9    0.103  344.0    0.067   24.6
    0.136  356.2    0.057  330.8    0.040    1.2
  689      -10.25
    1.743   13.6    0.627    6.4    0.393   44.7
    0.535   67.0    0.193   58.8    0.123   98.7
    0.316  348.8    0.103  344.1    0.069   24.7
    0.136  356.3    0.057  330.7    0.040    0.9
  690       -8.64
    1.734   13.6    0.625    6.5    0.404   44.8
    0.533   67.0    0.193   58.9    0.127   98.6
    0.315  348.8    0.103  344.2    0.071   24.7
    0.135  356.4    0.057  330.7    0.040    0.5
  691       -7.01
    1.726   13.6    0.624    6.7    0.415   44.9
    0.530   67.0    0.192   59.0    0.130   98.5
    0.313  348.8    0.103  344.3    0.073   24.7
    0.134  356.6    0.056  330.7    0.040    0.2
  692       -9.78
    1.717   13.5    0.628    8.0    0.423   44.6
    0.527   66.9    0.194   60.2    0.133   98.1
    0.312  348.7    0.104  345.6    0.074   24.4
    0.133  356.6    0.056  331.0    0.039    0.0
  693      -13.09
    1.709   13.4    0.639   10.0    0.424   44.1
    0.524   66.8    0.198   62.2    0.133   97.4
    0.310  348.6    0.105  347.7    0.074   23.7
    0.132  356.6    0.057  331.4    0.039    0.0
  694      -16.55
    1.700   13.3    0.651   12.1    0.426   43.5
    0.521   66.7    0.203   64.2    0.134   96.8
    0.309  348.5    0.107  349.8    0.074   23.0
    0.131  356.5    0.058  331.9    0.038    0.0
  695      -20.19
    1.691   13.1    0.665   14.2    0.427   42.9
    0.518   66.5    0.208   66.3    0.134   96.1
    0.308  348.3    0.110  351.9    0.074   22.2
    0.129  356.4    0.058  332.4    0.037    0.0
  696      -17.14
    1.681   13.0    0.678   14.4    0.421   42.8
    0.515   66.4    0.212   66.5    0.132   96.0
    0.306  348.2    0.112  352.1    0.073   22.4
    0.128  356.6    0.059  332.1    0.037  359.6
  697      -13.93
    1.670   12.9    0.690   14.5    0.416   42.9
    0.512   66.3    0.216   66.5    0.130   96.0
    0.304  348.1    0.114  352.2    0.072   22.7
    0.127  356.9    0.060  331.8    0.036  359.1
  698      -10.57
    1.659   12.8    0.703   14.6    0.410   42.9
    0.509   66.1    0.220   66.6    0.128   96.1
    0.302  347.9    0.116  352.2    0.071   23.1
    0.126  357.2    0.060  331.4    0.036  358.7
  699       -9.96
    1.647   12.7    0.709   15.7    0.417   42.5
    0.505   66.0    0.222   67.6    0.131   95.5
    0.300  347.8    0.117  353.2    0.072   22.4
    0.124  357.3    0.061  332.0    0.035  357.9
  700      -14.29
    1.636   12.6    0.704   17.3    0.441   42.3
    0.501   65.9    0.221   69.3    0.139   95.0
    0.298  347.6    0.116  355.0    0.077   21.8
    0.123  357.2    0.060  333.2    0.035  357.0
  701      -18.88
    1.625   12.5    0.699   19.1    0.466   42.1
    0.498   65.8    0.220   71.1    0.148   94.6
    0.296  347.5    0.116  356.8    0.081   21.3
    0.122  357.1    0.060  334.5    0.035  356.0
  702      -22.68
    1.612   12.3    0.691   20.2    0.468   42.8
    0.494   65.6    0.218   72.2    0.149   95.1
    0.294  347.3    0.115  357.9    0.081   22.0
    0.120  357.4    0.059  335.2    0.035  356.0
  703      -20.76
    1.596   12.1    0.681   20.7    0.474   43.7
    0.489   65.5    0.215   72.8    0.151   95.9
    0.292  347.2    0.113  358.5    0.082   22.8
    0.119  357.5    0.058  335.8    0.035  356.0
  704      -18.73
    1.581   11.9    0.671   21.3    0.480   44.6
    0.483   65.3    0.213   73.3    0.153   96.8
    0.289  347.0    0.112  359.1    0.084   23.6
    0.117  357.6    0.057  336.4    0.035  356.0
  705      -16.57
    1.565   11.7    0.658   21.4    0.484   45.5
    0.478   65.1    0.209   73.3    0.154   97.6
    0.286  346.8    0.110  359.3    0.084   24.5
    0.116  357.6    0.056  336.7    0.034  356.0
  706      -18.45
    1.545   11.6    0.635   21.6    0.497   46.6
    0.472   64.9    0.202   73.5    0.158   98.5
    0.283  346.5    0.106  359.4    0.087   25.6
    0.114  358.0    0.054  337.4    0.035  355.6
  707      -20.65
    1.524   11.4    0.611   21.9    0.512   47.8
    0.465   64.7    0.194   73.6    0.163   99.3
    0.279  346.3    0.102  359.6    0.090   26.8
    0.113  358.4    0.052  338.1    0.035  355.3
  708      -23.53
    1.505   11.1    0.581   22.4    0.537   49.4
    0.459   64.4    0.185   74.1    0.172  100.7
    0.276  346.0    0.097    0.1    0.094   28.3
    0.111  358.6    0.050  339.0    0.035  355.5
  709      -22.37
    1.485   10.9    0.572   23.7    0.554   50.0
    0.452   64.2    0.183   75.2    0.177  101.1
    0.272  345.6    0.096    1.4    0.097   28.7
    0.109  358.9    0.048  340.0    0.035  354.9
  710      -19.94
    1.464   10.6    0.569   25.2    0.568   50.3
    0.445   63.9    0.182   76.6    0.181  101.2
    0.268  345.3    0.096    3.0    0.100   28.9
    0.107  359.2    0.047  341.1    0.035  354.0
  711      -20.06
    1.434   10.3    0.558   26.8    0.582   50.9
    0.435   63.6    0.179   78.1    0.186  101.6
    0.263  344.9    0.094    4.7    0.102   29.3
    0.105  359.8    0.046  342.6    0.035  354.0
  712      -18.46
    1.407    9.9    0.557   29.1    0.596   51.2
    0.426   63.1    0.179   80.4    0.190  101.7
    0.258  344.5    0.094    7.0    0.105   29.5
    0.104    0.2    0.045  344.2    0.035  354.3
  713      -18.28
    1.381    9.5    0.556   31.5    0.602   51.5
    0.417   62.7    0.179   82.8    0.192  102.0
    0.254  344.1    0.094    9.4    0.106   29.8
    0.102    0.3    0.044  346.3    0.034  354.9
  714      -13.20
    1.403    8.7    0.576   31.0    0.610   49.7
    0.426   61.8    0.185   82.2    0.195  100.1
    0.258  343.5    0.097    8.8    0.106   28.0
    0.103  358.1    0.045  343.0    0.036  350.0
  715      -19.55
    1.422    8.1    0.558   29.8    0.605   49.6
    0.433   61.2    0.179   80.9    0.194  100.0
    0.262  343.0    0.094    7.6    0.106   28.0
    0.103  356.3    0.043  341.3    0.036  348.0
  716      -24.96
    1.438    7.6    0.543   28.7    0.600   49.6
    0.438   60.7    0.175   79.8    0.193  100.0
    0.265  342.6    0.092    6.5    0.105   27.9
    0.103  354.8    0.042  339.8    0.037  346.4
  717      -29.12
    1.452    7.2    0.531   27.7    0.598   49.6
    0.443   60.3    0.171   78.8    0.193  100.0
    0.268  342.3    0.090    5.5    0.105   27.9
    0.104  353.4    0.041  338.4    0.037  344.9
  718      -29.16
    1.460    6.6    0.525   26.9    0.604   49.5
    0.446   59.7    0.169   78.0    0.195   99.8
    0.269  341.8    0.089    4.6    0.106   27.7
    0.103  352.3    0.041  337.2    0.039  343.2
  719      -29.21
    1.468    6.1    0.518   26.1    0.611   49.4
    0.449   59.1    0.167   77.2    0.198   99.7
    0.271  341.3    0.087    3.7    0.107   27.5
    0.103  351.2    0.040  335.9    0.040  341.5
  720      -29.26
    1.477    5.6    0.512   25.3    0.618   49.3
    0.452   58.5    0.165   76.3    0.201   99.6
    0.272  340.9    0.086    2.8    0.108   27.3
    0.103  350.0    0.040  334.6    0.041  339.9
  721      -29.13
    1.487    5.1    0.509   24.8    0.626   49.0
    0.455   58.0    0.165   75.8    0.204   99.2
    0.274  340.4    0.086    2.3    0.109   27.0
    0.103  348.7    0.039  333.0    0.042  338.2
  722      -28.82
    1.500    4.6    0.510   24.5    0.631   48.4
    0.460   57.5    0.165   75.5    0.206   98.6
    0.277  340.1    0.086    2.1    0.110   26.4
    0.103  347.3    0.039  331.3    0.044  336.4
  723      -28.46
    1.515    4.1    0.511   24.2    0.637   47.8
    0.466   57.0    0.165   75.2    0.208   98.0
    0.280  339.7    0.086    1.9    0.111   25.9
    0.103  345.9    0.039  329.5    0.045  334.7
  724      -28.09
    1.529    3.6    0.511   23.9    0.643   47.2
    0.471   56.5    0.165   74.9    0.211   97.3
    0.282  339.4    0.086    1.7    0.112   25.3
    0.104  344.4    0.039  327.7    0.047  333.2
  725      -28.80
    1.541    3.1    0.513   23.7    0.650   46.2
    0.475   56.0    0.166   74.6    0.213   96.3
    0.285  338.9    0.086    1.4    0.113   24.3
    0.104  343.0    0.040  326.1    0.049  331.3
  726      -29.89
    1.551    2.5    0.516   23.5    0.656   45.0
    0.479   55.4    0.167   74.4    0.216   95.2
    0.287  338.4    0.087    1.1    0.114   23.1
    0.103  341.5    0.040  324.4    0.050  329.5
  727      -30.94
    1.562    2.0    0.518   23.3    0.663   43.9
    0.483   54.8    0.168   74.1    0.218   94.1
    0.289  337.9    0.088    0.8    0.115   22.0
    0.103  340.1    0.041  322.8    0.052  327.8
  728      -31.41
    1.575    1.4    0.519   22.7    0.667   43.0
    0.488   54.2    0.169   73.6    0.220   93.3
    0.291  337.4    0.088    0.1    0.116   21.0
    0.103  338.4    0.041  321.3    0.054  326.3
  729      -31.22
    1.588    1.0    0.530   22.9    0.673   41.5
    0.492   53.7    0.173   73.7    0.222   91.8
    0.294  337.0    0.090    0.4    0.116   19.6
    0.103  337.0    0.043  319.7    0.055  324.4
  730      -30.15
    1.601    0.5    0.538   23.0    0.680   40.3
    0.497   53.3    0.175   73.7    0.225   90.6
    0.296  336.7    0.091    0.4    0.117   18.3
    0.103  335.5    0.043  318.3    0.057  322.7
  731      -29.09
    1.614    0.0    0.546   23.0    0.687   39.1
    0.502   52.8    0.178   73.7    0.228   89.3
    0.298  336.3    0.092    0.4    0.118   17.1
    0.103  334.0    0.044  317.0    0.059  321.1
  732      -28.18
    1.626  359.6    0.553   22.9    0.693   38.0
    0.506   52.3    0.181   73.6    0.231   88.2
    0.300  336.0    0.093    0.4    0.119   15.9
    0.103  332.5    0.045  315.7    0.060  319.6
  733      -30.97
    1.637  359.1    0.554   22.4    0.698   37.4
    0.511   51.8    0.181   73.1    0.233   87.6
    0.303  335.6    0.094  359.7    0.120   15.3
    0.102  330.8    0.045  314.5    0.062  318.8
  734      -33.39
    1.648  358.7    0.554   21.8    0.704   36.9
    0.515   51.3    0.182   72.5    0.235   87.1
    0.305  335.3    0.094  359.1    0.121   14.7
    0.102  329.2    0.046  313.4    0.064  317.9
  735      -35.77
    1.658  358.3    0.555   21.2    0.709   36.3
    0.519   50.9    0.182   72.0    0.238   86.6
    0.307  334.9    0.094  358.4    0.122   14.1
    0.102  327.5    0.046  312.3    0.066  317.1
  736      -37.24
    1.670  357.8    0.557   21.0    0.717   35.6
    0.523   50.4    0.183   71.7    0.241   85.9
    0.309  334.5    0.094  358.2    0.124   13.3
    0.102  325.6    0.047  311.5    0.067  316.3
  737      -37.78
    1.681  357.3    0.559   20.8    0.729   34.8
    0.528   49.9    0.184   71.6    0.245   85.1
    0.311  334.1    0.094  358.1    0.126   12.5
    0.102  323.8    0.047  310.9    0.069  315.3
  738      -36.92
    1.691  356.8    0.561   20.8    0.748   34.0
    0.531   49.4    0.185   71.5    0.252   84.3
    0.313  333.7    0.095  358.0    0.129   11.7
    0.102  322.2    0.048  310.2    0.072  314.3
  739      -35.56
    1.701  356.4    0.575   21.4    0.771   32.9
    0.535   49.0    0.190   72.1    0.260   83.3
    0.315  333.3    0.097  358.6    0.133   10.5
    0.102  320.7    0.050  309.6    0.075  313.0
  740      -33.88
    1.710  356.0    0.596   22.2    0.796   31.6
    0.539   48.6    0.197   72.9    0.269   82.0
    0.317  332.9    0.101  359.6    0.137    9.0
    0.102  319.3    0.052  309.0    0.078  311.7
  741      -32.18
    1.719  355.6    0.615   23.0    0.821   30.4
    0.542   48.2    0.205   73.7    0.278   80.8
    0.318  332.6    0.105    0.4    0.141    7.7
    0.102  317.9    0.055  308.5    0.081  310.4
  742      -31.52
    1.730  355.3    0.636   23.6    0.840   28.8
    0.546   47.8    0.212   74.2    0.284   79.2
    0.320  332.3    0.108    0.9    0.144    6.1
    0.102  316.4    0.057  307.9    0.084  309.0
  743      -32.41
    1.743  354.8    0.653   23.6    0.846   27.0
    0.552   47.3    0.218   74.3    0.286   77.5
    0.323  331.9    0.111    0.9    0.145    4.3
    0.103  314.2    0.059  307.3    0.086  307.6
  744      -33.31
    1.757  354.4    0.669   23.6    0.852   25.3
    0.557   46.9    0.224   74.3    0.288   75.8
    0.326  331.6    0.114    0.8    0.145    2.6
    0.104  312.1    0.060  306.7    0.087  306.3
  745      -33.81
    1.771  354.0    0.679   23.3    0.854   23.8
    0.563   46.4    0.228   74.1    0.288   74.3
    0.328  331.2    0.116    0.5    0.145    1.0
    0.104  310.1    0.062  305.9    0.088  305.2
  746      -33.32
    1.782  353.6    0.676   22.4    0.848   22.7
    0.567   46.0    0.227   73.3    0.286   73.1
    0.330  330.9    0.115  359.6    0.144  359.9
    0.105  308.2    0.062  304.8    0.088  304.4
  747      -32.83
    1.793  353.2    0.674   21.4    0.842   21.7
    0.572   45.6    0.227   72.5    0.284   72.0
    0.332  330.5    0.115  358.8    0.143  358.7
    0.105  306.4    0.062  303.7    0.088  303.5
  748      -32.16
    1.804  352.8    0.670   20.3    0.844   20.8
    0.576   45.2    0.225   71.4    0.284   71.0
    0.334  330.2    0.114  357.7    0.143  357.8
    0.106  304.6    0.062  302.7    0.089  302.7
  749      -32.14
    1.816  352.3    0.660   19.2    0.854   20.7
    0.581   44.7    0.222   70.3    0.288   70.8
    0.336  329.8    0.112  356.4    0.145  357.6
    0.107  302.7    0.062  302.2    0.091  302.4
  750      -32.12
    1.829  351.9    0.650   18.1    0.865   20.6
    0.586   44.3    0.219   69.2    0.292   70.7
    0.339  329.5    0.111  355.2    0.146  357.5
    0.108  300.9    0.061  301.7    0.093  302.1
  751      -32.96
    1.838  351.5    0.640   17.4    0.882   20.9
    0.590   43.9    0.215   68.4    0.299   70.9
    0.341  329.2    0.109  354.4    0.150  357.7
    0.109  299.2    0.061  301.1    0.095  302.0
  752      -34.20
    1.847  351.1    0.631   16.7    0.902   21.4
    0.593   43.5    0.212   67.8    0.306   71.4
    0.342  328.9    0.107  353.6    0.153  358.0
    0.109  297.5    0.060  300.6    0.097  302.1
  753      -34.78
    1.857  350.8    0.625   16.1    0.922   21.7
    0.598   43.1    0.210   67.1    0.313   71.6
    0.344  328.6    0.106  352.9    0.157  358.1
    0.111  295.7    0.060  300.1    0.099  301.9
  754      -38.14
    1.866  350.3    0.612   16.3    0.961   22.3
    0.601   42.7    0.206   67.2    0.328   72.1
    0.346  328.2    0.104  353.1    0.164  358.7
    0.111  294.0    0.059  300.2    0.103  301.9
  755      -41.01
    1.876  349.9    0.601   16.6    1.004   22.8
    0.605   42.2    0.202   67.3    0.343   72.7
    0.348  327.8    0.102  353.3    0.171  359.2
    0.112  292.5    0.059  300.5    0.107  301.8
  756      -43.68
    1.885  349.5    0.591   16.8    1.044   23.3
    0.608   41.8    0.199   67.4    0.357   73.1
    0.349  327.4    0.101  353.5    0.178  359.6
    0.113  291.0    0.058  300.8    0.110  301.8
  757      -45.17
    1.892  349.1    0.591   17.0    1.064   23.1
    0.611   41.4    0.200   67.6    0.365   72.8
    0.351  327.1    0.101  353.6    0.182  359.3
    0.114  289.5    0.059  300.5    0.112  301.4
  758      -46.63
    1.899  348.8    0.591   17.2    1.085   22.8
    0.614   41.0    0.200   67.8    0.372   72.5
    0.352  326.8    0.100  353.7    0.185  358.9
    0.115  288.0    0.059  300.3    0.114  301.1
  759      -48.11
    1.905  348.4    0.590   17.4    1.106   22.7
    0.617   40.7    0.200   67.9    0.380   72.3
    0.353  326.5    0.100  353.8    0.189  358.7
    0.116  286.7    0.059  300.1    0.116  300.9
  760      -47.91
    1.913  348.1    0.591   17.1    1.121   21.9
    0.620   40.3    0.200   67.7    0.385   71.5
    0.355  326.2    0.100  353.5    0.191  357.8
    0.117  285.4    0.060  300.0    0.117  300.0
  761      -47.37
    1.920  347.7    0.589   16.5    1.122   20.5
    0.623   40.0    0.199   67.1    0.385   70.1
    0.356  325.9    0.100  352.9    0.191  356.5
    0.119  284.3    0.060  299.6    0.117  298.9
  762      -46.86
    1.926  347.4    0.588   16.0    1.124   19.2
    0.626   39.7    0.198   66.5    0.385   68.9
    0.357  325.6    0.100  352.4    0.191  355.2
    0.120  283.3    0.060  299.2    0.118  297.9
  763      -46.95
    1.931  347.1    0.592   15.7    1.138   17.8
    0.628   39.4    0.199   66.1    0.389   67.5
    0.358  325.4    0.100  352.2    0.193  353.8
    0.121  282.3    0.060  298.7    0.119  296.7
  764      -42.97
    1.937  346.9    0.605   14.9    1.139   15.3
    0.630   39.1    0.203   65.2    0.387   65.1
    0.359  325.1    0.102  351.5    0.193  351.3
    0.122  281.3    0.062  297.7    0.119  294.8
  765      -39.28
    1.943  346.6    0.616   14.2    1.142   13.0
    0.632   38.8    0.206   64.4    0.386   62.8
    0.360  324.9    0.104  350.9    0.193  349.0
    0.122  280.3    0.063  296.9    0.119  293.1
  766      -34.73
    1.949  346.4    0.635   13.8    1.142   10.6
    0.635   38.5    0.212   63.9    0.385   60.5
    0.361  324.7    0.107  350.5    0.193  346.7
    0.123  279.4    0.064  295.9    0.119  291.6
  767      -30.06
    1.955  346.2    0.657   13.5    1.143    8.2
    0.637   38.3    0.218   63.6    0.383   58.3
    0.362  324.5    0.110  350.1    0.192  344.3
    0.124  278.6    0.067  295.0    0.119  290.2
  768      -25.73
    1.961  346.0    0.678   13.2    1.145    6.0
    0.640   38.1    0.224   63.4    0.383   56.2
    0.363  324.3    0.114  349.8    0.192  342.2
    0.126  277.9    0.069  294.2    0.120  288.9
  769      -21.57
    1.966  345.8    0.698   13.0    1.149    4.0
    0.642   38.0    0.230   63.1    0.382   54.3
    0.364  324.2    0.117  349.6    0.192  340.2
    0.127  277.2    0.071  293.5    0.120  287.7
  770      -18.06
    1.973  345.6    0.720   12.8    1.153    2.3
    0.645   37.8    0.237   62.8    0.382   52.7
    0.366  324.0    0.120  349.3    0.192  338.5
    0.128  276.4    0.073  292.6    0.120  286.6
  771      -17.07
    1.981  345.5    0.726   12.2    1.150    1.4
    0.648   37.7    0.238   62.1    0.381   51.9
    0.367  323.9    0.121  348.7    0.192  337.7
    0.129  275.7    0.073  291.4    0.120  286.0
  772      -15.98
    1.988  345.4    0.730   11.7    1.150    0.8
    0.651   37.6    0.239   61.4    0.380   51.4
    0.368  323.8    0.122  348.2    0.192  337.2
    0.131  275.1    0.073  290.2    0.120  285.6
  773      -14.97
    1.994  345.3    0.733   11.3    1.150    0.2
    0.654   37.5    0.240   60.8    0.380   50.9
    0.369  323.7    0.122  347.8    0.192  336.6
    0.132  274.6    0.073  289.1    0.120  285.2
  774      -14.04
    1.999  345.2    0.737   10.9    1.149  359.6
    0.656   37.4    0.241   60.3    0.379   50.4
    0.370  323.7    0.123  347.4    0.191  336.1
    0.133  274.1    0.073  288.1    0.120  284.8
  775      -13.16
    2.005  345.1    0.740   10.6    1.149  359.1
    0.659   37.3    0.241   59.8    0.379   49.9
    0.371  323.6    0.123  347.1    0.191  335.7
    0.134  273.7    0.073  287.2    0.120  284.4
  776      -12.35
    2.010  345.1    0.743   10.3    1.149  358.6
    0.661   37.2    0.242   59.4    0.379   49.5
    0.372  323.5    0.123  346.7    0.191  335.2
    0.135  273.2    0.073  286.3    0.120  284.1
  777      -11.48
    2.015  345.0    0.741    9.9    1.149  358.3
    0.663   37.1    0.241   58.9    0.378   49.2
    0.373  323.5    0.123  346.4    0.191  334.9
    0.135  272.8    0.073  285.8    0.120  283.9
  778      -10.53
    2.021  344.9    0.733    9.5    1.148  358.1
    0.665   37.1    0.238   58.5    0.378   49.0
    0.374  323.4    0.121  345.9    0.191  334.7
    0.136  272.4    0.072  285.6    0.119  283.8
  779       -9.65
    2.026  344.9    0.726    9.0    1.147  357.9
    0.668   37.0    0.236   58.0    0.377   48.8
    0.375  323.4    0.120  345.5    0.191  334.5
    0.137  272.0    0.072  285.4    0.119  283.7
  780       -8.82
    2.031  344.8    0.719    8.6    1.146  357.7
    0.670   36.9    0.233   57.6    0.376   48.6
    0.376  323.3    0.119  345.1    0.191  334.3
    0.138  271.6    0.072  285.2    0.119  283.6
  781       -8.00
    2.036  344.7    0.713    8.2    1.145  357.5
    0.672   36.9    0.231   57.2    0.376   48.4
    0.377  323.3    0.118  344.7    0.191  334.2
    0.139  271.3    0.071  285.0    0.119  283.6
  782       -7.10
    2.042  344.7    0.706    7.8    1.144  357.4
    0.674   36.8    0.229   56.7    0.375   48.2
    0.378  323.2    0.116  344.2    0.190  334.0
    0.140  270.9    0.071  284.8    0.118  283.5
  783       -6.12
    2.048  344.6    0.698    7.3    1.144  357.2
    0.677   36.7    0.226   56.2    0.375   48.0
    0.379  323.2    0.115  343.7    0.190  333.8
    0.141  270.4    0.071  284.6    0.118  283.4
  784       -5.04
    2.055  344.5    0.690    6.7    1.143  357.0
    0.680   36.6    0.223   55.6    0.374   47.7
    0.381  323.1    0.113  343.1    0.190  333.5
    0.142  269.9    0.070  284.4    0.118  283.3
  785       -4.06
    2.062  344.4    0.679    6.1    1.135  356.7
    0.683   36.5    0.219   55.0    0.371   47.4
    0.382  323.0    0.112  342.5    0.189  333.2
    0.143  269.5    0.070  284.1    0.117  283.2
  786       -3.64
    2.068  344.3    0.665    5.5    1.119  356.4
    0.685   36.4    0.215   54.5    0.366   47.1
    0.383  322.9    0.109  341.9    0.186  333.0
    0.144  269.0    0.069  284.0    0.115  283.3
  787       -4.84
    2.074  344.2    0.648    4.4    1.105  356.6
    0.688   36.3    0.209   53.5    0.361   47.2
    0.384  322.8    0.106  340.9    0.184  333.1
    0.145  268.5    0.068  284.1    0.114  283.5
  788       -7.46
    2.080  344.1    0.631    3.6    1.102  357.3
    0.690   36.2    0.204   52.6    0.360   47.7
    0.385  322.7    0.104  340.0    0.183  333.6
    0.147  268.0    0.067  284.3    0.113  283.7
  789      -10.74
    2.086  343.9    0.612    2.7    1.102  358.1
    0.692   36.0    0.198   51.8    0.360   48.3
    0.386  322.5    0.101  339.1    0.183  334.4
    0.148  267.5    0.065  284.7    0.113  284.1
  790      -14.34
    2.093  343.8    0.591    1.7    1.102  359.1
    0.695   35.9    0.192   50.8    0.361   49.0
    0.388  322.4    0.097  338.0    0.183  335.2
    0.150  266.9    0.064  285.1    0.112  284.4
  791      -18.27
    2.100  343.6    0.569    0.5    1.103    0.1
    0.698   35.7    0.186   49.6    0.361   49.8
    0.389  322.2    0.094  336.8    0.183  336.1
    0.151  266.3    0.062  285.5    0.112  284.8
  792      -18.03
    2.116  343.6    0.593    0.7    1.042    0.1
    0.704   35.6    0.194   50.0    0.342   49.7
    0.392  322.2    0.098  336.9    0.174  336.0
    0.154  266.0    0.065  285.7    0.106  285.4
  793      -19.31
    2.128  343.5    0.618    1.3    1.008    0.7
    0.708   35.6    0.204   50.8    0.332   50.3
    0.394  322.1    0.103  337.5    0.168  336.6
    0.155  265.8    0.068  286.1    0.103  285.8
  794      -21.74
    2.139  343.5    0.644    2.2    0.991    1.8
    0.713   35.5    0.214   51.9    0.327   51.4
    0.396  322.1    0.107  338.4    0.166  337.6
    0.157  265.6    0.071  286.6    0.101  286.2
  795      -24.30
    2.151  343.4    0.672    3.1    0.974    3.0
    0.717   35.5    0.225   53.0    0.323   52.5
    0.398  322.0    0.113  339.2    0.163  338.8
    0.159  265.4    0.073  287.2    0.099  286.6
  796      -27.00
    2.163  343.4    0.700    4.0    0.959    4.5
    0.722   35.4    0.236   54.1    0.319   53.8
    0.400  321.9    0.118  340.0    0.161  340.1
    0.160  265.2    0.076  287.8    0.097  287.1
  797      -30.72
    2.179  343.3    0.715    5.0    0.959    6.3
    0.728   35.4    0.243   55.3    0.322   55.7
    0.403  321.9    0.121  341.1    0.162  341.9
    0.162  265.0    0.077  289.0    0.097  288.3
  798      -34.76
    2.196  343.3    0.733    6.0    0.962    8.1
    0.734   35.4    0.250   56.6    0.324   57.6
    0.406  321.9    0.124  342.2    0.163  343.6
    0.164  264.8    0.078  290.2    0.096  289.5
  799      -40.32
    2.212  343.3    0.740    6.8    0.967    9.9
    0.739   35.4    0.254   57.6    0.328   59.4
    0.409  321.9    0.126  343.1    0.164  345.3
    0.166  264.7    0.078  291.4    0.096  290.8
  800      -46.46
    2.226  343.4    0.731    7.0    0.990   11.3
    0.744   35.4    0.250   57.8    0.337   60.9
    0.411  321.9    0.124  343.2    0.169  346.7
    0.168  264.6    0.077  291.8    0.098  291.1
  801      -52.87
    2.241  343.4    0.721    7.2    1.016   12.7
    0.750   35.3    0.247   58.1    0.347   62.3
    0.413  321.9    0.123  343.3    0.173  348.0
    0.170  264.5    0.075  292.3    0.099  291.5
  802      -51.23
    2.260  343.4    0.711    6.5    1.036   12.9
    0.756   35.3    0.243   57.3    0.354   62.6
    0.417  321.9    0.121  342.6    0.177  348.2
    0.172  264.3    0.073  291.7    0.100  291.2
  803      -48.60
    2.279  343.4    0.702    6.0    1.058   13.1
    0.763   35.3    0.239   56.8    0.362   62.7
    0.420  321.9    0.119  342.1    0.181  348.3
    0.174  264.0    0.072  291.1    0.101  291.0
  804      -48.11
    2.299  343.4    0.698    5.0    1.066   12.6
    0.770   35.3    0.238   55.8    0.364   62.3
    0.424  321.9    0.119  341.1    0.183  347.9
    0.177  263.8    0.071  290.4    0.101  290.3
  805      -50.44
    2.320  343.4    0.702    3.7    1.061   11.7
    0.777   35.3    0.238   54.6    0.362   61.4
    0.427  321.8    0.119  339.7    0.182  347.1
    0.179  263.6    0.070  289.7    0.101  289.3
  806      -49.77
    2.342  343.4    0.707    2.2    1.048   10.5
    0.785   35.3    0.239   53.1    0.357   60.2
    0.431  321.8    0.120  338.1    0.179  345.9
    0.182  263.3    0.070  288.7    0.099  288.2
  807      -43.30
    2.365  343.4    0.713    0.1    1.019    8.7
    0.794   35.3    0.241   51.2    0.346   58.4
    0.435  321.8    0.121  336.1    0.174  344.2
    0.185  263.1    0.071  287.3    0.097  286.9
  808      -38.94
    2.388  343.4    0.732  358.2    0.990    6.6
    0.802   35.2    0.248   49.5    0.335   56.3
    0.439  321.8    0.124  334.2    0.169  342.1
    0.187  262.8    0.072  285.8    0.094  285.5
  809      -38.88
    2.409  343.3    0.774  356.7    0.962    3.9
    0.810   35.2    0.262   48.1    0.325   53.7
    0.443  321.7    0.131  332.7    0.164  339.4
    0.190  262.6    0.075  284.3    0.091  284.1
  810      -38.32
    2.432  343.3    0.804  355.3    0.941    1.5
    0.818   35.1    0.271   46.8    0.317   51.4
    0.447  321.6    0.136  331.4    0.160  337.0
    0.192  262.4    0.077  282.9    0.090  282.8
  811      -37.30
    2.458  343.2    0.822  354.0    0.925  359.3
    0.827   35.0    0.277   45.4    0.311   49.3
    0.451  321.5    0.139  330.0    0.157  334.8
    0.195  262.1    0.078  281.4    0.088  281.6
  812      -35.26
    2.479  343.2    0.852  352.5    0.929  356.9
    0.834   35.0    0.286   43.8    0.311   47.0
    0.455  321.5    0.144  328.4    0.157  332.4
    0.197  262.0    0.080  279.9    0.088  280.1
  813      -32.80
    2.498  343.2    0.888  351.0    0.942  354.6
    0.841   35.0    0.296   42.2    0.315   44.6
    0.458  321.5    0.150  326.8    0.159  330.0
    0.200  261.9    0.083  278.5    0.089  278.5
  814      -31.15
    2.521  343.1    0.890  348.6    0.927  352.3
    0.849   34.9    0.296   39.8    0.308   42.4
    0.462  321.4    0.150  324.6    0.156  327.8
    0.202  261.6    0.083  276.9    0.088  277.5
  815      -29.58
    2.544  343.0    0.889  346.2    0.913  350.1
    0.856   34.8    0.295   37.3    0.302   40.3
    0.466  321.3    0.150  322.3    0.153  325.8
    0.204  261.3    0.082  275.5    0.087  276.6
  816      -27.64
    2.563  342.9    0.866  343.4    0.904  348.3
    0.863   34.7    0.285   34.5    0.297   38.4
    0.469  321.2    0.146  319.5    0.151  323.9
    0.206  261.3    0.080  274.2    0.085  275.7
  817      -25.82
    2.580  342.9    0.843  340.5    0.896  346.5
    0.869   34.6    0.276   31.7    0.294   36.5
    0.472  321.1    0.141  316.6    0.150  322.0
    0.208  261.3    0.078  273.1    0.084  274.8
  818      -22.44
    2.597  342.7    0.819  338.0    0.874  344.4
    0.875   34.5    0.267   29.2    0.285   34.4
    0.475  320.9    0.137  314.1    0.145  320.0
    0.210  261.0    0.077  272.5    0.083  274.0
  819      -19.15
    2.613  342.6    0.800  335.6    0.853  342.3
    0.880   34.3    0.260   26.8    0.277   32.3
    0.478  320.8    0.134  311.7    0.141  317.9
    0.212  260.7    0.076  272.0    0.082  273.3
  820      -17.40
    2.628  342.5    0.775  333.2    0.833  340.5
    0.885   34.2    0.251   24.6    0.269   30.6
    0.480  320.7    0.129  309.3    0.138  316.2
    0.214  260.5    0.074  271.5    0.081  272.8
  821      -17.22
    2.639  342.4    0.745  331.3    0.809  339.4
    0.889   34.1    0.241   22.8    0.261   29.7
    0.482  320.6    0.124  307.5    0.134  315.2
    0.215  260.4    0.073  271.1    0.079  272.9
  822      -17.05
    2.649  342.3    0.722  329.6    0.782  338.2
    0.892   34.0    0.232   21.2    0.252   28.6
    0.484  320.5    0.121  305.8    0.129  314.1
    0.217  260.2    0.072  270.7    0.077  272.9
  823      -16.90
    2.660  342.1    0.713  328.3    0.746  336.1
    0.896   33.9    0.229   20.2    0.240   26.7
    0.486  320.4    0.119  304.7    0.123  312.0
    0.218  260.0    0.072  270.5    0.075  272.7
  824      -16.50
    2.670  342.1    0.698  327.3    0.739  334.2
    0.899   33.8    0.224   19.0    0.237   24.9
    0.487  320.3    0.117  303.6    0.122  310.1
    0.219  259.9    0.071  270.4    0.076  272.3
  825      -16.14
    2.679  342.0    0.685  326.2    0.733  332.5
    0.902   33.7    0.220   17.9    0.235   23.3
    0.489  320.3    0.114  302.5    0.121  308.4
    0.220  259.8    0.070  270.3    0.076  271.9
  826      -12.53
    2.685  342.0    0.651  325.8    0.720  330.2
    0.905   33.7    0.208   17.6    0.230   21.2
    0.490  320.2    0.108  302.2    0.119  306.0
    0.221  259.8    0.068  270.3    0.077  271.7
  827       -8.71
    2.690  341.9    0.616  325.5    0.708  327.9
    0.907   33.6    0.197   17.4    0.226   19.0
    0.490  320.1    0.103  302.0    0.117  303.7
    0.221  259.7    0.066  270.4    0.077  271.5
  828       -5.07
    2.697  341.8    0.590  324.5    0.686  325.8
    0.909   33.5    0.188   16.5    0.217   17.1
    0.492  320.0    0.098  301.1    0.113  301.8
    0.222  259.6    0.064  270.4    0.075  271.3
  829       -1.73
    2.702  341.7    0.567  323.5    0.664  323.7
    0.911   33.4    0.180   15.5    0.210   15.1
    0.493  319.9    0.094  300.1    0.110  299.9
    0.223  259.4    0.062  270.3    0.074  271.0
  830       -1.73
    2.702  341.7    0.567  323.5    0.664  323.7
    0.911   33.4    0.180   15.5    0.210   15.1
    0.493  319.9    0.094  300.1    0.110  299.9
    0.223  259.4    0.062  270.3    0.074  271.0
  831       -1.73
    2.702  341.7    0.567  323.5    0.664  323.7
    0.911   33.4    0.180   15.5    0.210   15.1
    0.493  319.9    0.094  300.1    0.110  299.9
    0.223  259.4    0.062  270.3    0.074  271.0
