0.010000 0.999900 1.000000
0.020000 0.999600 1.000000
0.030000 0.999100 1.000000
0.040000 0.998400 1.000000
0.050000 0.997500 1.000000
0.060000 0.996400 1.000000
0.070000 0.995100 1.000000
0.080000 0.993600 1.000000
0.090000 0.991900 1.000000
0.100000 0.990000 1.000000
0.110000 0.987900 1.000000
0.120000 0.985600 1.000000
0.130000 0.983100 1.000000
0.140000 0.980400 1.000000
0.150000 0.977500 1.000000
0.160000 0.974400 1.000000
0.170000 0.971100 1.000000
0.180000 0.967600 1.000000
0.190000 0.963900 1.000000
0.200000 0.960000 1.000000
0.210000 0.955900 1.000000
0.220000 0.951600 1.000000
0.230000 0.947100 1.000000
0.240000 0.942400 1.000000
0.250000 0.937500 1.000000
0.260000 0.932400 1.000000
0.270000 0.927100 1.000000
0.280000 0.921600 1.000000
0.290000 0.915900 1.000000
0.300000 0.910000 1.000000
0.310000 0.903900 1.000000
0.320000 0.897600 1.000000
0.330000 0.891100 1.000000
0.340000 0.884400 1.000000
0.350000 0.877500 1.000000
0.360000 0.870400 1.000000
0.370000 0.863100 1.000000
0.380000 0.855600 1.000000
0.390000 0.847900 1.000000
0.400000 0.840000 1.000000
0.410000 0.831900 1.000000
0.420000 0.823600 1.000000
0.430000 0.815100 1.000000
0.440000 0.806400 1.000000
0.450000 0.797500 1.000000
0.460000 0.788400 1.000000
0.470000 0.779100 1.000000
0.480000 0.769600 1.000000
0.490000 0.759900 1.000000
0.500000 0.750000 1.000000
0.510000 0.739900 1.000000
0.520000 0.729600 1.000000
0.530000 0.719100 1.000000
0.540000 0.708400 1.000000
0.550000 0.697500 1.000000
0.560000 0.686400 1.000000
0.570000 0.675100 1.000000
0.580000 0.663600 1.000000
0.590000 0.651900 1.000000
0.600000 0.640000 1.000000
0.610000 0.627900 1.000000
0.620000 0.615600 1.000000
0.630000 0.603100 1.000000
0.640000 0.590400 1.000000
0.650000 0.577500 1.000000
0.660000 0.564400 1.000000
0.670000 0.551100 1.000000
0.680000 0.537600 1.000000
0.690000 0.523901 1.000000
0.700000 0.510001 1.000000
0.710000 0.495901 0.972354
0.720000 0.481601 0.944315
0.730000 0.467101 0.915883
0.740000 0.452401 0.887060
0.750000 0.437501 0.857844
0.760000 0.422401 0.828237
0.770000 0.407101 0.798237
0.780000 0.391601 0.767844
0.790000 0.375901 0.737060
0.800000 0.360001 0.705884
0.810000 0.343901 0.674315
0.820000 0.327601 0.642354
0.830000 0.311101 0.610002
0.839999 0.294401 0.577257
0.849999 0.277501 0.544119
0.859999 0.260401 0.510590
0.869999 0.243101 0.476668
0.879999 0.225601 0.442355
0.889999 0.207901 0.407649
0.899999 0.190001 0.372551
0.909999 0.171901 0.337061
0.919999 0.153601 0.301179
0.929999 0.135101 0.264904
0.939999 0.116401 0.228237
0.949999 0.097501 0.191179
0.959999 0.078401 0.153728
0.969999 0.059101 0.115885
0.979999 0.039601 0.077650
0.989999 0.019901 0.039022
0.999999 0.000001 0.000003
