 34  0.630  161.0  0.100  162.0                                           
 35  0.617  164.0  0.090  168.7                                           
 36  0.603  167.0  0.080  175.3                                           
 37  0.590  170.0  0.070  182.0                                           
 38  0.587  172.0  0.063  187.7                                           
 39  0.583  174.0  0.057  193.3                                           
 40  0.580  176.0  0.050  199.0                                           
 41  0.577  177.0  0.040  176.7                                           
 42  0.573  178.0  0.030  154.3                                           
 43  0.570  179.0  0.020  132.0                                           
 44  0.587  179.7  0.020  164.3                                           
 45  0.603  180.3  0.020  196.7                                           
 46  0.620  181.0  0.020  229.0                                           
 47  0.640  181.0  0.020  232.3                                           
 48  0.660  181.0  0.020  235.7                                           
 49  0.680  181.0  0.020  239.0                                           
 50  0.767  180.0  0.027  248.0                                           
 51  0.853  179.0  0.033  257.0                                           
 52  0.940  178.0  0.040  266.0                                           
 53  0.987  180.7  0.043  257.7                                           
 54  1.033  183.3  0.047  249.3                                           
 55  1.080  186.0  0.050  241.0                                           
 56  1.233  186.7  0.063  253.3                                           
 57  1.387  187.3  0.077  265.7                                           
 58  1.540  188.0  0.090  278.0                                           
183  3.600  186.0  0.150   40.0                                           
184  3.660  189.0  0.140   45.0                                           
185  3.720  192.0  0.130   50.0                                           
199  1.350  185.0  0.050  340.0                                           
200  1.275  180.8  0.045  341.7                                           
201  1.200  176.7  0.040  343.3                                           
202  1.125  172.5  0.035  345.0                                           
203  1.050  168.3  0.030  346.7                                           
204  0.975  164.2  0.025  348.3                                           
205  0.900  160.0  0.020  350.0                                           
226  1.140  127.0  0.000    0.0                                           
227  1.118  127.0  0.000    0.0                                           
228  1.097  127.0  0.000    0.0                                           
229  1.075  127.0  0.000    0.0                                           
230  1.053  127.0  0.000    0.0                                           
231  1.032  127.0  0.000    0.0                                           
232  1.010  127.0  0.000    0.0                                           
233  1.006  125.5  0.000    0.0                                           
234  1.002  124.1  0.000    0.0                                           
235  0.998  122.6  0.000    0.0                                           
236  0.994  121.1  0.000    0.0                                           
237  0.990  119.7  0.000    0.0                                           
238  0.986  118.2  0.000    0.0                                           
239  0.983  116.8  0.000    0.0                                           
240  0.979  115.3  0.000    0.0                                           
241  0.975  113.8  0.000    0.0                                           
242  0.971  112.4  0.000    0.0                                           
243  0.967  110.9  0.000    0.0                                           
244  0.963  109.4  0.000    0.0                                           
245  0.959  108.0  0.000    0.0                                           
246  0.955  106.5  0.000    0.0                                           
247  0.951  105.0  0.000    0.0                                           
248  0.947  103.6  0.000    0.0                                           
249  0.943  102.1  0.000    0.0                                           
250  0.939  100.6  0.000    0.0                                           
251  0.935   99.2  0.000    0.0                                           
252  0.931   97.7  0.000    0.0                                           
253  0.927   96.2  0.000    0.0                                           
254  0.924   94.8  0.000    0.0                                           
255  0.920   93.3  0.000    0.0                                           
256  0.916   91.9  0.000    0.0                                           
257  0.912   90.4  0.000    0.0                                           
258  0.908   88.9  0.000    0.0                                           
259  0.904   87.5  0.000    0.0                                           
260  0.900   86.0  0.000    0.0                                           
261  0.913   86.0  0.000    0.0                                           
262  0.926   86.0  0.000    0.0                                           
263  0.939   86.0  0.000    0.0                                           
264  0.951   86.0  0.000    0.0                                           
265  0.964   86.0  0.000    0.0                                           
266  0.977   86.0  0.000    0.0                                           
267  0.990   86.0  0.000    0.0                                           
